         0.000         1.000         0.010         0.000
         0.010         1.000        -0.010        -0.020
         0.020         1.000        -0.030        -0.040
         0.030         0.999        -0.050        -0.060
         0.040         0.998        -0.070        -0.080
         0.050         0.998        -0.090        -0.100
         0.060         0.996        -0.110        -0.120
         0.070         0.995        -0.129        -0.139
         0.080         0.994        -0.149        -0.159
         0.090         0.992        -0.169        -0.179
         0.100         0.990        -0.188        -0.198
         0.110         0.988        -0.208        -0.217
         0.120         0.986        -0.227        -0.237
         0.130         0.983        -0.246        -0.256
         0.140         0.981        -0.265        -0.275
         0.150         0.978        -0.284        -0.293
         0.160         0.975        -0.303        -0.312
         0.170         0.972        -0.321        -0.330
         0.180         0.968        -0.339        -0.349
         0.190         0.965        -0.358        -0.367
         0.200         0.961        -0.375        -0.384
         0.210         0.957        -0.393        -0.402
         0.220         0.953        -0.411        -0.419
         0.230         0.948        -0.428        -0.436
         0.240         0.944        -0.445        -0.453
         0.250         0.939        -0.461        -0.470
         0.260         0.935        -0.478        -0.486
         0.270         0.930        -0.494        -0.502
         0.280         0.925        -0.510        -0.518
         0.290         0.919        -0.526        -0.533
         0.300         0.914        -0.541        -0.548
         0.310         0.908        -0.556        -0.563
         0.320         0.903        -0.570        -0.578
         0.330         0.897        -0.585        -0.592
         0.340         0.891        -0.599        -0.606
         0.350         0.885        -0.613        -0.619
         0.360         0.878        -0.626        -0.633
         0.370         0.872        -0.639        -0.645
         0.380         0.866        -0.652        -0.658
         0.390         0.859        -0.664        -0.670
         0.400         0.852        -0.676        -0.682
         0.410         0.845        -0.687        -0.693
         0.420         0.838        -0.699        -0.704
         0.430         0.831        -0.710        -0.715
         0.440         0.824        -0.720        -0.725
         0.450         0.817        -0.730        -0.735
         0.460         0.809        -0.740        -0.745
         0.470         0.802        -0.749        -0.754
         0.480         0.794        -0.758        -0.763
         0.490         0.787        -0.767        -0.771
         0.500         0.779        -0.775        -0.779
         0.510         0.771        -0.783        -0.787
         0.520         0.763        -0.790        -0.794
         0.530         0.755        -0.797        -0.801
         0.540         0.747        -0.804        -0.807
         0.550         0.739        -0.810        -0.813
         0.560         0.731        -0.816        -0.819
         0.570         0.723        -0.821        -0.824
         0.580         0.714        -0.826        -0.829
         0.590         0.706        -0.831        -0.833
         0.600         0.698        -0.835        -0.837
         0.610         0.689        -0.839        -0.841
         0.620         0.681        -0.843        -0.844
         0.630         0.672        -0.846        -0.847
         0.640         0.664        -0.849        -0.850
         0.650         0.655        -0.851        -0.852
         0.660         0.647        -0.853        -0.854
         0.670         0.638        -0.855        -0.855
         0.680         0.630        -0.856        -0.857
         0.690         0.621        -0.857        -0.857
         0.700         0.613        -0.857        -0.858
         0.710         0.604        -0.858        -0.858
         0.720         0.595        -0.858        -0.858
         0.730         0.587        -0.857        -0.857
         0.740         0.578        -0.856        -0.856
         0.750         0.570        -0.855        -0.855
         0.760         0.561        -0.854        -0.853
         0.770         0.553        -0.852        -0.851
         0.780         0.544        -0.850        -0.849
         0.790         0.536        -0.848        -0.847
         0.800         0.527        -0.845        -0.844
         0.810         0.519        -0.842        -0.841
         0.820         0.510        -0.839        -0.837
         0.830         0.502        -0.835        -0.834
         0.840         0.494        -0.832        -0.830
         0.850         0.486        -0.828        -0.825
         0.860         0.477        -0.823        -0.821
         0.870         0.469        -0.819        -0.816
         0.880         0.461        -0.814        -0.811
         0.890         0.453        -0.809        -0.806
         0.900         0.445        -0.803        -0.801
         0.910         0.437        -0.798        -0.795
         0.920         0.429        -0.792        -0.789
         0.930         0.421        -0.786        -0.783
         0.940         0.413        -0.780        -0.777
         0.950         0.406        -0.774        -0.771
         0.960         0.398        -0.767        -0.764
         0.970         0.390        -0.761        -0.757
         0.980         0.383        -0.754        -0.750
         0.990         0.375        -0.747        -0.743
         1.000         0.368        -0.739        -0.736
         1.010         0.361        -0.732        -0.728
         1.020         0.353        -0.725        -0.721
         1.030         0.346        -0.717        -0.713
         1.040         0.339        -0.709        -0.705
         1.050         0.332        -0.701        -0.697
         1.060         0.325        -0.693        -0.689
         1.070         0.318        -0.685        -0.681
         1.080         0.311        -0.677        -0.673
         1.090         0.305        -0.669        -0.664
         1.100         0.298        -0.660        -0.656
         1.110         0.292        -0.652        -0.648
         1.120         0.285        -0.643        -0.639
         1.130         0.279        -0.635        -0.630
         1.140         0.273        -0.626        -0.622
         1.150         0.266        -0.617        -0.613
         1.160         0.260        -0.608        -0.604
         1.170         0.254        -0.600        -0.595
         1.180         0.248        -0.591        -0.586
         1.190         0.243        -0.582        -0.578
         1.200         0.237        -0.573        -0.569
         1.210         0.231        -0.564        -0.560
         1.220         0.226        -0.555        -0.551
         1.230         0.220        -0.546        -0.542
         1.240         0.215        -0.537        -0.533
         1.250         0.210        -0.528        -0.524
         1.260         0.204        -0.520        -0.515
         1.270         0.199        -0.511        -0.506
         1.280         0.194        -0.502        -0.497
         1.290         0.189        -0.493        -0.489
         1.300         0.185        -0.484        -0.480
         1.310         0.180        -0.475        -0.471
         1.320         0.175        -0.467        -0.462
         1.330         0.171        -0.458        -0.454
         1.340         0.166        -0.449        -0.445
         1.350         0.162        -0.441        -0.436
         1.360         0.157        -0.432        -0.428
         1.370         0.153        -0.424        -0.419
         1.380         0.149        -0.415        -0.411
         1.390         0.145        -0.407        -0.403
         1.400         0.141        -0.399        -0.394
         1.410         0.137        -0.390        -0.386
         1.420         0.133        -0.382        -0.378
         1.430         0.129        -0.374        -0.370
         1.440         0.126        -0.366        -0.362
         1.450         0.122        -0.358        -0.354
         1.460         0.119        -0.350        -0.346
         1.470         0.115        -0.343        -0.339
         1.480         0.112        -0.335        -0.331
         1.490         0.109        -0.327        -0.324
         1.500         0.105        -0.320        -0.316
         1.510         0.102        -0.313        -0.309
         1.520         0.099        -0.305        -0.302
         1.530         0.096        -0.298        -0.294
         1.540         0.093        -0.291        -0.287
         1.550         0.090        -0.284        -0.280
         1.560         0.088        -0.277        -0.274
         1.570         0.085        -0.270        -0.267
         1.580         0.082        -0.264        -0.260
         1.590         0.080        -0.257        -0.254
         1.600         0.077        -0.251        -0.247
         1.610         0.075        -0.244        -0.241
         1.620         0.072        -0.238        -0.235
         1.630         0.070        -0.232        -0.229
         1.640         0.068        -0.226        -0.223
         1.650         0.066        -0.220        -0.217
         1.660         0.064        -0.214        -0.211
         1.670         0.061        -0.208        -0.205
         1.680         0.059        -0.203        -0.200
         1.690         0.057        -0.197        -0.194
         1.700         0.056        -0.192        -0.189
         1.710         0.054        -0.186        -0.184
         1.720         0.052        -0.181        -0.179
         1.730         0.050        -0.176        -0.173
         1.740         0.048        -0.171        -0.169
         1.750         0.047        -0.166        -0.164
         1.760         0.045        -0.161        -0.159
         1.770         0.044        -0.157        -0.154
         1.780         0.042        -0.152        -0.150
         1.790         0.041        -0.148        -0.145
         1.800         0.039        -0.143        -0.141
         1.810         0.038        -0.139        -0.137
         1.820         0.036        -0.135        -0.133
         1.830         0.035        -0.131        -0.129
         1.840         0.034        -0.127        -0.125
         1.850         0.033        -0.123        -0.121
         1.860         0.031        -0.119        -0.117
         1.870         0.030        -0.115        -0.113
         1.880         0.029        -0.111        -0.110
         1.890         0.028        -0.108        -0.106
         1.900         0.027        -0.104        -0.103
         1.910         0.026        -0.101        -0.099
         1.920         0.025        -0.098        -0.096
         1.930         0.024        -0.095        -0.093
         1.940         0.023        -0.092        -0.090
         1.950         0.022        -0.089        -0.087
         1.960         0.021        -0.086        -0.084
         1.970         0.021        -0.083        -0.081
         1.980         0.020        -0.080        -0.079
         1.990         0.019        -0.077        -0.076
         2.000         0.018        -0.075        -0.073
